592
607
631
657
680
694
698
708
728
754
774
786
794
812
824
853
873
896
905
914
926
933
954
991
1039
1072
1092
1102
1113
1122
1131
1140
1145
1147
1149
1151
1155
1159
1191
1224
1260
1272
1288
1302
1312
1331
1361
1420
1470
1512
1526
1536
1544
1558
1572
1587
1616
1649
1681
1711
1740
1792
1840
1885
1908
1916
1933
1946
1962
1969
1989
2022
2059
2076
2077
2093
2121
2138
2137
2142
2167
2190
2203
2209
2213
2216
2238
2264
2292
2299
2309
2321
2344
2367
2388
2401
2411
2421
2428
2431
2433
2436
2439
2444
2457
2468
2498
2519
2545
2550
2582
2614
2654
2670
2686
2693
2697
2705
2727
2760
2789
2805
2807
2809
2816
2832
2850
2869
2882
2906
2924
2945
2962
2978
2991
3000
3012
3025
3035
3045
3055
3062
3049
3037
3032
3044
3054
3059
3069
3072
3073
3088
3112
3136
3146
3154
3185
3211
3248
3281
3317
3345
3361
3374
3384
3387
3406
3437
3468
3497
3514
3524
3531
3543
3562
3570
3574
3579
3589
3599
3619
3637
3663
3670
3657
3640
3650
3679
3709
3734
3757
3776
3786
3797
3803
3801
3799
3805
3815
3826
3835
3845
3855
3879
3924
3981
4029
4054
4067
4073
4076
4085
4093
4101
4097
4094
4094
4098
4102
4107
4114
4122
4129
4136
4141
4150
4169
4208
4246
4291
4329
4365
4383
4407
4433
4458
4465
4469
4474
4515
4568
4621
4638
4643
4653
4664
4678
4666
4665
4679
4725
4759
4781
4787
4794
4812
4837
4861
4868
4874
4879
4886
4893
4931
4996
5059
5093
5096
5109
5124
5142
5152
5167
5176
5183
5194
5207
5225
5235
5250
5268
5282
5295
5324
5356
5387
5409
5450
5504
5548
5594
5631
5671
5686
5695
5704
5713
5736
5751
5785
5808
5840
5854
5871
5884
5899
5910
5916
5940
5989
6043
6087
6111
6127
6132
6135
6147
6159
6169
6197
6227
6262
6285
6306
6323
6329
6340
6351
6372
6393
6418
6435
6451
6465
6479
6489
6495
6491
6485
6477
6481
6497
6518
6540
6556
6569
6579
6575
6590
6608
6643
6659
6670
6677
6685
6688
6688
6687
6692
6699
6707
6715
6724
6711
6699
6685
6695
6703
6712
6720
6728
6734
6740
6745
6750
6757
6766
6786
6802
6816
6813
6810
6807
6814
6817
6820
6820
6824
6833
6843
6856
6874
6895
6943
6981
7034
7050
7066
7064
7075
7091
7093
7089
7080
7094
7118
7155
7181
7192
7197
7204
7217
7228
7237
7249
7254
7266
7289
7325
7355
7389
7413
7443
7454
7466
7472
7480
7494
7512
7529
7538
7544
7577
7593
7608
7595
7602
7611
7620
7624
7650
7684
7735
7779
7819
7849
7878
7927
7984
8031
8059
8079
8098
8120
8142
8178
8202
8237
8257
8289
8305
8316
8315
8331
8347
8375
8386
8397
8400
8401
8404
8410
8418
8427
8435
8475
8517
8557
8566
8570
8583
8596
8622
8642
8662
8678
8691
8710
8722
8739
8749
8762
8783
8806
8837
8861
8886
8898
8907
8926
8956
8985
9022
9061
9107
9134
9151
9166
9181
9191
9195
9197
9201
9217
9234
9256
9271
9286
9294
9291
9270
9253
9242
9249
9236
9229
9221
9231
9235
9244
9256
9278
9299
9320
9332
9344
9357
9368
9375
9378
9384
9393
9403
9410
9414
9420
9455
9506
9554
9573
9577
9584
9591
9597
9593
9590
9610
9638
9665
9655
9646
9637
9645
9664
9693
9726
9760
9784
9799
9803
9809
9818
9826
9836
9861
9889
9913
9939
9962
9987
9994
9999
10007
10017
10028
10047
10065
10082
10096
10113
10130
10137
10142
10149
10178
10217
10262
10286
10298
10305
10326
10371
10414
10450
10474
10504
10530
10530
10524
10538
10562
10586
10588
10614
10641
10666
10675
10690
10705
10717
10721
10733
10761
10789
10811
10806
10827
10865
10937
10983
11015
11036
11079
11117
11168
11198
11209
11213
11219
11252
11266
11292
11330
11369
11393
11402
11421
11440
11464
11516
11584
11636
11649
11650
11657
11682
11697
11710
11725
11743
11739
11707
11707
11747
11804
11833
11849
11869
11896
11920
11941
11963
11985
12001
12012
11986
11957
11936
11953
11972
11985
12000
12022
12038
12051
12062
12073
12078
12080
12052
12030
12003
12012
12021
12032
12037
12056
12075
12095
12105
12113
12129
12145
12155
12160
12163
12172
12178
12184
12205
12226
12243
12245
12247
12251
12257
12263
12269
12290
12318
12346
12377
12404
12435
12446
12448
12448
12453
12481
12508
12530
12536
12541
12546
12556
12564
12572
12604
12639
12681
12721
12766
12810
12827
12859
12886
12922
12939
12955
12951
12952
12953
12997
13031
13065
13070
13090
13137
13160
13175
13163
13171
13172
13184
13200
13219
13266
13311
13356
13369
13380
13391
13396
13401
13406
13411
13416
13419
13421
13425
13442
13461
13478
13491
13504
13518
13527
13545
13561
13575
13592
13624
13656
13674
13677
13680
13689
13712
13735
13754
13760
13774
13790
13807
13816
13823
13828
13833
13850
13869
13910
13939
13966
13972
13976
14001
14026
14049
14051
14052
14055
14062
14069
14084
14095
14109
14121
14133
14172
14231
14290
14326
14337
14366
14392
14421
14434
14448
14459
14469
14479
14488
14510
14527
14544
14547
14557
14565
14573
14589
14584
14584
14579
14609
14635
14652
14666
14669
14671
14668
14684
14703
14719
14721
14729
14760
14799
14845
14872
14896
14895
14911
14930
14956
14961
14965
14972
14967
14961
14955
14961
14969
14976
14954
14941
14922
14935
14954
14979
15000
15004
15009
15015
15028
15047
15066
15077
15081
15084
15087
15104
15130
15156
15177
15186
15211
15228
15248
15257
15235
15214
15193
15223
15262
15296
15311
15325
15345
15380
15410
15436
15445
15466
15485
15505
15509
15523
15534
15548
15552
15562
15572
15599
15640
15678
15707
15726
15759
15787
15804
15807
15821
15843
15868
15884
15896
15905
15909
15939
15971
15996
15996
15995
16009
16023
16045
16059
16076
16085
16094
16098
16106
16117
16134
16155
16173
16181
16190
16200
16202
16198
16194
16212
16226
16241
16247
16258
16271
16255
16239
16228
16246
16266
16278
16295
16305
16317
16324
16360
16404
16448
16475
16503
16535
16553
16561
16588
16620
16651
16661
16668
16696
16722
16751
16742
16734
16721
16724
16727
16746
16766
16784
16788
16799
16815
16831
16848
16860
16883
16897
16919
16954
16992
17026
17046
17064
17104
17134
17174
17192
17221
17217
17209
17190
17193
17197
17195
17211
17227
17249
17254
17260
17270
17285
17300
17314
17323
17343
17361
17379
17386
17388
17401
17412
17427
17431
17435
17445
17454
17465
17499
17546
17591
17611
17623
17640
17653
17681
17704
17735
17753
17775
17798
17829
17865
17884
17888
17879
17890
17902
17919
17924
17929
17933
17943
17956
17971
17962
17953
17942
17952
17959
17989
18014
18044
18053
18074
18089
18104
18109
18141
18172
18207
18216
18225
18234
18253
18284
18311
18328
18333
18340
18346
18354
18360
18367
18375
18385
18401
18413
18434
18458
18502
18532
18565
18578
18591
18597
18603
18631
18655
18681
18688
18701
18728
18756
18777
18800
18829
18858
18869
18874
18888
18903
18918
18924
18934
18945
18969
18988
19005
19008
19018
19028
19038
19043
19050
19059
19073
19089
19107
19123
19138
19167
19197
19224
19236
19242
19248
19252
19256
19272
19290
19313
19334
19352
19367
19394
19431
19469
19505
19540
19576
19606
19627
19647
19660
19665
19681
19693
19714
19721
19720
19722
19727
19752
19773
19817
19849
19881
19899
19916
19916
19908
19903
19919
19931
19946
19962
19989
20014
20036
20037
20036
20043
20060
20073
20090
20112
20134
20148
20176
20208
20249
20274
20295
20306
20324
20342
20355
20361
20367
20373
20407
20444
20485
20496
20504
20508
20511
20501
20493
20519
20569
20617
20631
20635
20640
20645
20654
20672
20690
20739
20778
20820
20831
20847
20863
20875
20882
20888
20894
20900
20904
20920
20941
20969
20984
20997
20981
20978
20973
20997
21025
21054
21085
21103
21120
21136
21162
21187
21204
21216
21236
21265
21297
21318
21339
21348
21360
21370
21380
21401
21416
21427
21430
21436
21446
21474
21503
21532
21541
21553
21578
21603
21621
21634
21656
21686
21709
21723
21755
21779
21803
21801
21808
21815
21822
21855
21887
21918
21921
21926
21932
21940
21947
21954
21960
21982
22005
22027
22041
22058
22081
22097
22108
22113
22132
22152
22172
22182
22209
22217
22221
22207
22212
22215
22222
22212
22208
22214
22238
22256
22263
22270
22277
22267
22253
22239
22242
22250
22258
22263
22292
22325
22362
22375
22385
22389
22391
22393
22411
22433
22452
22458
22460
22464
22471
22492
22529
22564
22585
22590
22599
22610
22626
22638
22651
22665
22677
22686
22689
22693
22704
22716
22727
22731
22736
22768
22813
22858
22876
22883
22888
22914
22938
22964
22969
22974
22979
22985
23000
23013
23026
23028
23047
23066
23101
23141
23180
23211
23223
23237
23248
23261
23272
23286
23308
23353
23393
23420
23441
23477
23513
23532
23542
23568
23594
23613
23618
23623
23638
23658
23678
23704
23723
23743
23759
23778
23797
23796
23792
23787
23792
23812
23858
23902
23931
23953
23975
23999
24011
24023
24033
24038
24043
24054
24067
24080
24088
24095
24102
24108
24129
24150
24175
24186
24210
24230
24259
24277
24311
24336
24362
24372
24379
24383
24389
24380
24380
24399
24461
24493
24505
24508
24533
24561
24569
24580
24575
24567
24564
24594
24629
24655
24660
24664
24683
24702
24720
24727
24760
24793
24830
24841
24852
24862
24872
24887
24897
24908
24944
24981
25020
25031
25039
25044
25053
25068
25080
25086
25087
25091
25112
25137
25162
25184
25201
25215
25220
25225
25233
25236
25239
25246
25255
25266
25275
25301
25325
25350
25366
25383
25398
25403
25407
25417
25431
25438
25448
25454
25470
25492
25523
25563
25598
25625
25654
25669
25677
25672
25670
25674
25698
25717
25736
25734
25739
25751
25763
25750
25730
25708
25709
25712
25721
25712
25697
25682
25685
25702
25719
25737
25755
25771
25774
25769
25771
25798
25823
25847
25864
25890
25908
25926
25942
25958
25968
25984
26000
26026
26045
26064
26075
26078
26085
26097
26117
26133
26143
26148
26170
26187
26210
26205
26208
26204
26211
26221
26231
26239
26242
26256
26272
26303
26326
26349
26360
26369
26381
26397
26422
26461
26491
26511
26520
26529
26540
26552
26564
26592
26611
26628
26634
26645
26658
26667
26675
26688
26711
26732
26746
26752
26765
26785
26808
26860
26910
26956
26966
26982
26987
26994
26994
27001
27006
27031
27065
27109
27153
27197
27233
27252
27270
27305
27351
27376
27385
27381
27375
27371
27364
27378
27391
27406
27416
27424
27434
27449
27462
27473
27480
27491
27501
27515
27526
27555
27578
27610
27623
27645
27658
27657
27659
27681
27722
27775
27823
27872
27897
27913
27923
27934
27940
27948
27955
27960
27963
27966
27969
27984
28001
28034
28075
28114
28138
28157
28176
28194
28197
28204
28212
28233
28265
28296
28317
28320
28335
28351
28370
28380
28386
28392
28393
28394
28397
28411
28442
28472
28493
28501
28512
28538
28556
28570
28572
28581
28591
28601
28603
28616
28626
28663
28693
28723
28739
28767
28797
28829
28846
28882
28921
28965
28988
28998
29001
29013
29025
29037
29043
29058
29075
29085
29091
29099
29111
29119
29142
29165
29187
29191
29199
29213
29226
29247
29277
29308
29324
29321
29321
29324
29332
29336
29340
29360
29382
29404
29411
29433
29455
29477
29490
29494
29499
29498
29506
29505
29503
29501
29509
29523
29562
29612
29681
29729
29765
29776
29783
29794
29806
29824
29837
29846
29850
29852
29866
29877
29888
29922
29971
30025
30066
30094
30117
30165
30213
30261
30264
30268
30272
30286
30299
30320
30332
30360
30393
30426
30448
30460
30478
30492
30500
30501
30509
30534
30552
30567
30572
30593
30612
30628
30635
30641
30667
30708
30750
30772
30779
30788
30819
30863
30904
30926
30936
30954
30972
30996
31016
31033
31052
31087
31124
31152
31163
31171
31179
31184
31199
31236
31272
31301
31308
31318
31328
31339
31348
31355
31362
31370
31377
31383
31386
31387
31388
31405
31424
31450
31458
31468
31472
31501
31529
31573
31606
31647
31683
31721
31752
31776
31793
31811
31824
31834
31843
31853
31857
31864
31884
31907
31927
31938
31956
31970
31992
32023
32073
32111
32152
32182
32214
32233
32249
32263
32270
32276
32296
32317
32332
32338
32348
32375
32398
32434
32469
32514
32541
32556
32559
32572
32585
32607
32619
32638
32649
32671
32684
32694
32697
32706
32718
32729
32746
32787
32821
32846
32850
32868
32902
NA
NA
